394
982
1038
925
980
1368
850
703
446
760
464
159
722
917
1309
154
621
2432
1285
915
975
1049
1645
704
870
342
441
1445
526
615
720
569
656
1073
1047
1307
789
671
535
570
1017
1207
1575
929
1015
854
1319
1893
531
1310
1756
1151
557
935
873
970
1538
1507
966
593
504
881
1485
982
716
525
1578
1261
2212
453
1154
1645
629
982
1955
1645
751
965
819
906
882
1098
1389
849
1100
871
2202
886
756
823
507
786
769
619
1154
595
676
387
435
716
874
494
1573
2155
333
1074
467
386
671
579
292
1085
630
1144
1229
416
863
1072
1034
540
841
1225
632
648
745
920
1213
532
655
603
372
1072
372
1504
1046
474
621
577
665
1090
1193
1284
743
1305
719
1172
329
889
636
393
740
583
1055
1656
1448
1219
1156
877
556
881
595
906
819
1477
1104
570
616
562
658
614
613
1422
1381
1129
598
946
1200
874
1240
769
951
883
761
561
1328
1111
529
1011
1156
846
1173
703
1171
1418
890
1494
1601
1012
1206
986
879
1147
914
133
595
350
411
815
513
728
1197
1355
313
2546
1346
1402
541
538
963
937
460
1723
223
1329
222
1397
531
681
1324
727
226
345
365
625
173
557
792
221
792
793
796
922
1431
940
550
1422
142
1108
505
677
1340
684
1794
862
801
435
1087
660
1446
446
897
1174
132
1091
1033
1428
393
992
362
488
1225
748
543
583
2283
1079
736
1253
838
1507
1034
1518
1306
1050
1049
737
1410
660
779
240
793
685
676
492
809
933
326
1713
621
539
1216
1038
897
982
1017
999
377
930
578
1207
399
526
567
274
649
1146
447
858
1410
742
1050
1450
1707
1870
1073
1285
665
250
633
1212
1787
1104
717
1398
1886
806
832
695
1325
1414
196
428
1787
834
442
1346
804
1488
1359
1728
507
723
707
943
592
907
813
376
476
568
595
415
562
304
521
544
483
410
268
427
1124
1421
739
873
528
739
612
1047
709
696
839
159
561
690
439
592
1439
553
509
905
584
327
407
1236
810
535
491
435
119
601
299
1389
778
443
507
1389
1414
1173
852
1209
1551
920
716
441
1808
462
778
879
955
1009
521
989
816
927
382
648
615
554
1148
557
602
1084
649
734
1108
1263
853
1085
1161
1255
979
979
370
685
1408
1478
936
768
1074
709
899
895
552
932
1505
603
500
988
1140
610
1294
873
433
1257
698
993
1052
589
972
1271
1274
679
943
352
1111
958
884
599
957
1267
863
921
847
825
487
965
487
535
1411
1193
304
875
406
842
922
1427
951
1182
1191
339
858
1083
1123
1047
745
872
721
715
1238
657
645
167
860
449
637
606
1339
1080
1117
992
1577
671
1098
1502
520
980
1094
945
854
785
1013
1264
1284
845
634
521
833
967
1017
952
764
784
709
1130
730
850
855
729
1276
682
690
704
1021
970
699
1254
517
799
602
813
1103
810
466
396
1920
815
513
1416
1370
845
688
575
547
1201
143
671
638
410
506
336
488
1183
1077
452
811
786
679
525
451
1197
571
856
728
348
580
805
797
783
236
544
648
1115
1335
579
549
1287
460
270
493
922
693
1052
629
785
848
1001
1033
841
367
479
1331
884
624
2831
1211
452
981
255
458
387
644
672
277
784
553
1231
657
604
1153
206
859
1057
672
804
1045
617
613
556
1150
981
1284
606
947
528
556
586
1044
334
976
1036
960
943
856
481
718
710
1325
1204
498
780
1084
1261
804
277
1531
925
1070
601
1357
1392
883
943
1109
1267
1073
893
2356
1556
486
1588
903
974
1922
612
695
810
1301
995
907
995
1163
582
990
514
1380
1205
1178
1006
835
656
858
625
684
1686
816
815
490
909
670
718
511
944
805
1413
1124
1008
1348
913
1385
1036
959
1510
1082
490
659
267
958
686
528
1029
1068
952
2083
862
1864
1695
1618
2412
845
1214
2061
1025
1212
921
1337
1177
387
738
1117
832
804
637
1524
1344
1428
1137
341
1337
777
653
863
938
1648
786
588
424
2042
1207
703
1153
1402
2014
1474
593
1727
1357
1818
2053
464
1092
387
1880
2052
1243
1226
1066
1101
778
825
1154
1018
1230
998
560
920
1108
1393
359
945
184
503
531
172
536
168
165
799
121
543
720
587
181
360
593
783
812
561
910
389
501
504
675
936
598
658
471
421
616
481
1330
1413
729
420
280
873
639
2220
1185
965
502
475
1353
827
1591
828
731
1050
951
927
1513
421
552
987
930
711
1154
1028
683
712
2164
463
901
1120
1887
911
560
657
1200
1147
748
498
765
186
1435
524
2283
1032
759
1000
1093
434
492
713
1408
844
938
1098
925
814
672
2368
2052
713
997
251
237
390
603
475
522
862
488
999
972
550
941
657
846
1122
581
330
751
696
1154
476
1169
1042
513
1829
1793
389
699
641
206
840
476
659
719
655
879
740
359
486
1383
729
558
1593
1095
979
582
878
482
672
1459
1987
939
1020
750
1332
1401
881
1256
703
1534
1155
835
943
941
798
378
1195
1034
823
566
728
864
1077
1005
1261
692
559
951
607
909
594
554
1680
497
635
615
894
162
624
458
675
414
325
549
486
561
902
574
626
1547
654
960
484
179
839
1049
2292
1238
1156
676
556
753
1271
1442
661
1292
916
742
157
208
615
1012
687
1038
739
994
582
1321
1679
922
1270
549
646
726
919
266
789
1076
610
1137
281
1147
2193
1467
591
365
831
596
1147
763
1541
734
1541
1767
1306
201
1088
2416
545
670
880
1541
678
1135
1541
967
1510
497
305
1114
1312
458
1251
1181
440
863
609
1236
1244
708
612
1026
555
651
406
731
339
1184
1138
599
725
1057
313
1077
650
642
1464
920
675
513
204
559
640
623
807
1337
748
87
1003
511
892
444
925
505
807
667
789
624
458
673
427
508
737
812
608
353
604
928
364
728
1072
1040
397
1178
669
728
544
903
688
455
1024
1227
709
1246
821
575
463
647
918
726
625
819
660
223
938
984
796
785
624
1107
152
513
4134
931
1138
672
813
1498
554
544
629
653
685
441
895
367
302
90
922
460
438
930
584
670
670
1076
999
900
554
483
1602
1384
1205
1159
617
1169
336
676
335
567
524
1160
1124
472
817
993
510
918
1550
1550
401
644
732
1631
1631
459
1389
450
815
795
916
834
1745
524
458
492
1045
412
266
302
837
353
360
292
326
163
528
1157
616
413
234
2408
218
1224
1372
496
976
1106
719
785
1374
785
456
1521
456
381
828
1186
541
373
874
980
182
413
1002
382
620
1003
673
931
561
1098
1429
1023
1279
398
994
997
1050
786
469
798
524
1149
1602
730
1587
703
945
1015
123
406
823
1251
938
586
850
527
437
1149
957
536
994
547
680
921
382
804
1405
790
1117
880
1005
910
1147
833
1095
910
890
746
787
480
757
908
939
1238
644
747
2327
431
641
904
613
1339
1368
1482
670
605
1001
1237
705
737
367
830
570
1386
377
950
926
762
745
436
696
1341
608
1106
680
1222
918
1760
1424
1232
804
702
1773
987
700
1132
1067
1235
1007
2039
861
651
884
1325
1058
1076
1081
1115
1371
611
1050
566
454
540
735
507
729
575
931
1340
472
881
944
501
975
629
626
1105
766
611
912
843
1879
995
1110
1786
1098
810
823
679
1394
718
758
204
889
1629
734
1002
657
1146
367
815
476
899
526
1125
780
766
587
427
789
673
498
845
1299
791
657
1192
295
937
653
801
357
1285
763
844
872
933
745
1162
583
876
591
828
588
577
532
943
200
674
673
688
603
1195
853
573
494
242
934
673
199
1199
1082
947
1008
1019
623
792
1052
309
1234
1218
1373
1604
655
1216
367
848
981
717
524
1066
1780
710
609
1045
557
1225
948
897
548
537
432
1150
1361
1056
809
712
610
804
1174
345
959
910
817
647
863
1251
941
1232
1003
1054
678
1124
714
826
711
897
569
757
734
833
152
465
506
550
593
890
1166
1124
1192
1144
1673
674
752
733
877
154
438
579
930
1366
442
869
1523
1006
843
1314
757
452
875
950
530
1553
347
766
876
1543
570
713
1168
1162
535
1356
883
1119
765
1093
931
1169
1390
969
833
661
303
911
806
1507
944
895
188
583
837
1008
1532
1221
789
291
943
1064
299
2058
623
1052
555
637
1055
1903
798
1633
175
805
509
988
852
934
1999
425
845
525
360
1569
1053
594
238
933
642
667
1682
597
1007
237
400
710
89
782
808
1291
740
400
844
321
556
1262
451
680
1402
322
906
161
605
164
1981
532
852
821
549
588
440
1033
546
499
741
956
887
562
821
288
885
666
702
527
1755
1229
795
585
1308
640
1311
577
704
731
1123
2317
845
1633
541
392
1394
446
818
650
552
404
191
1386
177
280
505
592
1076
594
605
1120
795
399
901
534
468
613
1379
1054
978
234
1434
472
674
642
1026
699
295
438
508
464
806
982
915
1868
395
648
409
1010
717
664
472
730
690
757
501
822
391
1111
651
498
1004
818
862
739
598
1012
421
614
798
542
419
650
360
211
545
562
557
434
308
1219
978
1049
829
862
429
528
727
398
1180
519
600
218
1240
724
1320
803
693
460
782
1797
537
841
529
411
1067
1125
1434
476
543
973
795
222
174
365
483
835
485
566
824
905
679
1703
930
825
1307
902
1794
782
1011
1795
207
264
210
589
550
625
1330
775
441
142
519
221
1536
738
903
573
904
1321
1048
553
1586
727
349
969
477
855
707
1076
1147
1060
1069
1251
642
489
1290
306
293
500
797
669
486
527
1583
983
421
428
468
960
1192
572
1094
883
698
487
432
551
926
477
741
139
828
843
543
353
622
591
611
710
575
676
458
424
320
504
1436
277
681
1093
1006
743
497
586
401
318
728
1082
439
139
663
936
140
725
831
697
1077
426
1127
499
510
535
1072
1072
824
1078
552
768
556
774
580
945
1046
843
1350
919
782
360
928
485
1051
1878
650
599
579
323
865
605
774
841
1583
966
615
1294
654
474
234
1060
205
460
447
205
345
566
540
635
2657
577
300
640
522
620
1046
354
700
559
221
556
471
571
694
430
732
426
781
646
947
709
851
637
631
547
1047
504
745
481
926
872
818
184
1961
679
305
170
810
681
2219
1096
1414
843
489
550
